5.00000 42.64909 8.93194 15.41016 61653639531.30078 11439881169.14232 8093588382.19073 45441561615.22616 7826976170.05706 9281866322.17976 
10.00000 38.28267 12.20330 18.19846 27218878006.93907 4254335570.65235 3204633425.28734 24072384297.04195 4756214857.86769 6112283167.83942 
15.00000 36.63807 13.11256 16.67062 21858535938.17803 2545108575.05082 1941352714.31817 17900388938.28770 2897023349.14895 4019819856.20384 
22.00000 37.61626 12.33469 16.27452 16464621231.68489 2225832361.15120 1807405416.85512 16955388693.38715 2677225940.18290 3569134028.13197 
51.00000 35.64784 13.94934 19.89766 10991839949.92056 1186537460.66511 1015463091.22472 11192707601.28944 2063778763.44908 3191024452.67408 
36.00000 42.10688 8.84302 10.43377 10506944422.62164 1610155002.54799 873064777.29708 11948951145.38688 1557891186.76978 1240805296.02063 
97.00000 34.71784 14.16267 18.86997 11365466477.85173 1129223794.79644 951254480.01719 8498528078.79773 1569114126.22816 2283588351.05816 
126.00000 41.76815 9.41537 16.34977 8831899641.55342 688544133.15327 695599807.71283 7516111197.61003 1024483619.42202 1594451497.12800 
161.00000 35.27093 13.93182 19.94478 8019516789.43813 316578198.29461 308650599.84265 6698366866.74840 974773658.33331 1907413017.19816 
197.00000 38.44396 11.81839 17.99656 6050890160.60533 462438455.53232 452405410.81160 5347827929.81961 838307155.48170 1286154510.20404 
244.00000 96.50840 17.48307 21.53780 6948332132.58173 309184597.06421 332929720.23120 9145279930.38567 614371118.02918 969994367.29379 
216.00000 58.13431 15.04931 17.50588 7910217043.80802 294142825.42330 283738618.56807 8234240818.27566 873743334.86697 1110205827.04357 
390.00000 57.98010 15.92141 22.43698 3655769285.62357 114221492.14654 122485423.15553 4828281512.73520 553927452.23772 884413179.57711 
457.00000 46.32897 16.70713 22.63376 3419415468.13428 138759322.39662 136356466.59722 4528059988.24869 665244629.25393 1074643915.39210 
582.00000 43.25800 18.80285 21.45379 3187240572.22631 126777311.44007 134920607.52072 4739448765.36570 823377326.59860 1157895089.87838 
68.00000 48.70505 4.55535 6.98814 9660539258.90722 252258472.24215 507247082.20471 10593508645.21601 720723805.80666 412612578.20732