5.00000 13.73625 7.36421 3.23685 30843505640.19588 9695032148.34741 5103025111.26291 703774321425.71069 204354709690.60828 275847441302.10620 
10.00000 8.49160 3.36842 1.77312 12938019912.94380 3674358963.88740 2471516060.98268 484026005638.27100 350176383426.00879 282100871917.70526 
15.00000 9.91198 4.06098 2.27440 10256495691.96522 2768691972.33272 1753682807.92124 149707719077.28683 221672093692.18863 56874911605.64310 
22.00000 12.70223 4.00344 1.99631 11781641095.69285 2029812514.65337 1254942956.23915 53855946641.17458 20599864964.07881 16638645111.57920 
51.00000 15.02655 7.69957 2.53482 8640186859.30060 2389063508.79333 1304033440.76690 55869306807.78606 29690919483.83039 31605729389.48142 
36.00000 11.64733 5.09702 1.57411 7159782821.62478 1986403512.04698 871811032.63320 55252907800.55820 29349999897.05017 29116592488.16167 
97.00000 26.45502 5.50755 3.47780 7682273278.41432 1069384814.27703 829285491.74292 32557075329.69675 6540566703.40816 5810951655.38294 
126.00000 39.34189 9.25208 7.54924 8920490965.68086 810114599.62557 949781488.26793 17252168014.87297 3224251282.77772 2286208968.44762 
161.00000 38.15307 12.19280 11.17134 7353517197.03739 820505246.87032 1217896093.70717 12217177529.33791 3372979095.03381 3679267763.80314 
197.00000 38.66751 10.87384 11.05902 6303457097.02860 647903973.23630 930757519.25398 10356012202.82827 2923347284.89851 1846256242.48855 
244.00000 61.30483 2.66274 0.98102 8317722032.82372 541852181.10688 650773233.69843 9133082611.33381 573875693.06135 817932998.47141 
216.00000 41.15308 10.14369 7.90959 7364356490.20081 730879392.11720 743761140.21615 11492890650.66472 1741995643.48215 1794128446.23505 
390.00000 27.40190 1.51160 3.83655 3801819165.35622 149242856.71373 221146660.18253 4410670233.35461 695404648.34237 617323550.39857 
457.00000 20.21522 2.58223 5.43413 3506633265.49673 187657981.57292 284199296.95346 3703956529.54010 989836483.62476 816482363.18220 
582.00000 14.29765 1.65218 2.59800 3250220268.85815 191412349.24634 233393899.01599 3219024273.35119 748946964.87653 485535385.40326 
68.00000 19.34887 2.48959 1.95820 8375562999.38654 765066144.59339 747491439.24228 69808943780.19872 20497727701.20122 25406205019.30354