5.00000 13.69614 7.67259 3.37602 31017808895.44324 9957832998.92532 5519472141.76023 694362179272.45166 210852268212.47485 283163360306.70154 
10.00000 8.66359 3.32964 1.92490 13086950516.44670 3601905874.80534 2533426777.68781 435895510179.92200 360366889691.11658 248388395404.01865 
15.00000 9.93797 4.09776 2.24697 10263156143.62819 2752166260.56876 1757457325.95516 146453842443.48230 160511182475.61633 53985776551.02516 
22.00000 12.56002 3.73501 1.89561 11722417529.21093 1941698774.57306 1235644504.22270 54824669837.01520 20617481380.53491 16416335480.41387 
51.00000 14.41193 5.45651 1.98868 8422007082.62219 2045459362.40919 1098377506.70143 71287406546.56195 23794530680.46391 38691382783.17597 
36.00000 10.90790 2.65705 1.27766 6833762361.47881 1307065386.39215 828407793.47071 92066820284.87982 7331058460.74232 38627669297.73296 
97.00000 26.67807 6.14087 3.61600 7761890130.08917 1174003146.04098 882760562.74537 32188357465.51633 6590373524.10271 6082226506.99630 
126.00000 39.49747 8.80356 8.04961 8888245234.58948 739041101.92061 993932681.31252 17193307057.56365 3499027538.99584 2110592299.30773 
161.00000 41.09443 10.22042 13.16281 8019013736.85184 1582795692.85870 1368527581.14271 11495937610.14784 3753861581.56006 4690476008.63817 
197.00000 40.12898 9.58588 11.49153 6412348797.08679 565999496.29515 903038179.76942 10261194887.90242 2867778957.54929 1447396801.22955 
244.00000 62.62667 5.57679 2.00183 8212688446.10017 689199311.96573 847284880.06168 9088469641.99195 645875671.18481 1003225034.31462 
216.00000 42.34042 11.24070 8.19050 7536792795.92822 686552971.07942 795625415.28402 11059814751.58131 1870497440.83432 2121835198.77667 
390.00000 23.95311 10.23415 2.89691 3758334812.18621 1486038526.90207 290155254.70869 4923827472.51105 765291338.25773 786231149.72113 
457.00000 17.33883 7.61570 4.01871 3463213345.18606 226938314.47931 299688991.31053 4017967292.36745 913207092.41532 863964745.06524 
582.00000 13.23258 4.34536 2.30154 3184218324.04862 233265522.44819 395249230.17659 3564856249.02222 742880672.23957 671261769.50961 
68.00000 19.14597 2.24741 1.84673 8322559792.16333 757972619.68520 709775067.57484 81510434051.20273 14518018842.26576 28320653214.79506 
