5.00000 13.81094 7.44391 3.46764 31246605472.68319 9586304726.61683 5664426211.90052 696941225422.36963 204658411191.03345 280993971228.86859 
10.00000 8.44521 3.16735 1.74761 12815925411.62163 3539874383.35348 2382643015.02258 478452730974.62817 351738127759.51843 275665303698.06384 
15.00000 9.53011 4.22550 2.12614 10018964001.90859 2883334407.27320 1687164974.06930 161208856647.91965 273383409886.49539 63769231390.94194 
22.00000 12.90624 6.37909 2.11782 11924576360.88766 3235414752.59901 1337430603.81777 52458822714.60901 20227894097.69029 20959391583.58070 
51.00000 14.69903 9.44285 2.15609 8524808046.40669 3150866431.21095 1196494691.65930 58496072968.69426 28906305523.90613 36311839105.90506 
36.00000 11.86963 6.34686 1.77185 7277873411.90974 2407155996.96411 959999506.71720 54072738177.17464 32113813891.05510 30670533726.46904 
97.00000 26.79581 5.88154 3.80384 7790158787.28769 1174008620.49946 901731780.23095 32024458799.29593 6949878677.15321 6175229804.29413 
126.00000 39.53398 9.33088 8.56103 9220641763.83172 1143353788.98000 1276116072.55043 16163441033.43040 4364878856.60894 2869233998.75014 
161.00000 38.95113 10.45250 9.32921 7485777559.68519 1055841459.00126 1243305876.49111 11836871023.74125 3321634195.03581 2127516849.40846 
197.00000 39.47648 10.55734 10.77094 6738074361.37727 931295727.30196 1126751681.31358 9309338828.16469 3170205058.95376 1727149183.65639 
244.00000 89.67441 20.62170 17.93240 10884677498.77222 872509079.91831 938056864.23068 5193513053.21569 922547261.23052 739560885.79733 
216.00000 46.26303 22.82182 12.67447 8306699579.07728 1614754247.87927 1377240639.86746 9517823989.08626 3005615728.01421 2612627953.17952  
390.00000 40.15101 18.46346 12.88361 4876642066.21495 673590741.30101 751753001.33315 3052977281.62744 1089815786.38097 778633321.18074 
457.00000 29.90630 17.61862 10.01586 4330132219.76956 807655313.05038 739913180.64595 2964455716.47027 1126268148.55845 929308886.80871 
582.00000 21.08179 15.92296 6.49534 3947990211.60377 787650853.95111 638615889.92347 2686133376.32934 921833347.44595 993905839.14067 
68.00000 19.36250 2.70717 2.08286 8374249971.28914 818259761.86082 761812140.93287 68474374351.21832 22252979625.04545 25222177211.93709